# Created by Octave 6.4.0, Thu May 23 23:55:30 2024 EEST <root@DESKTOP-HMRMGDB>
# name: _osc
# type: matrix
# rows: 22050
# columns: 1
 0
 0.031339556221450821
 0.062506264486728386
 0.093469715714461249
 0.12419983985987144
 0.15466693511326318
 0.18484169660018698
 0.21469524455555467
 0.24419915194463096
 0.2733254715045047
 0.30204676218034321
 0.3303361149314602
 0.35816717788297708
 0.38551418079963079
 0.41235195885907228
 0.43865597570281956
 0.46440234574386052
 0.48956785571075478
 0.51412998540895904
 0.53806692768098596
 0.56135760754791442
 0.58398170051568632
 0.60591965003056469
 0.62715268406906877
 0.64766283084866527
 0.66743293364646794
 0.6864466647141676
 0.70468853827841771
 0.72214392261688665
 0.73879905120119516
 0.75464103289896878
 0.76965786122824498
 0.78383842265849202
 0.79717250395352146
 0.80965079855258859
 0.82126491198700169
 0.8320073663305807
 0.84187160368332092
 0.85085198868863465
 0.85894381008555576
 0.86614328129829132
 0.87244754006651637
 0.87785464712078598
 0.88236358390843261
 0.88597424937628999
 0.8886874558175436
 0.89050492379097013
 0.89142927612176248
 0.89146403099406601
 0.89061359414626895
 0.88888325018098513
 0.88627915300255067
 0.88280831539572346
 0.8784785977601236
 0.87329869601577781
 0.867278128695948
 0.86042722324421106
 0.8527571015335258
 0.84427966462577264
 0.83500757679097815
 0.82495424880613499
 0.81413382055421202
 0.80256114294460046
 0.79025175917687018
 0.77722188537032144
 0.76348839058238338
 0.74906877623947632
 0.73398115500446504
 0.71824422910533836
 0.70187726815021134
 0.68490008645419187
 0.66733301990405924
 0.64919690238709171
 0.63051304181072776
 0.61130319574006919
 0.59158954668053343
 0.57139467703321467
 0.55074154375076034
 0.5296534527217599
 0.50815403291182037
 0.48626721028964459
 0.46401718156653593
 0.44142838777783933
 0.41852548773486531
 0.39533333137588073
 0.37187693304471897
 0.34818144472553159
 0.32427212926213311
 0.30017433359027518
 0.27591346201106753
 0.25151494953359271
 0.22700423531457684
 0.20240673622274907
 0.17774782055528437
 0.15305278193343477
 0.12834681340416804
 0.10365498177427028
 0.079002202203044034
 0.054413213079317527
 0.029912551208087664
 0.0055245273316708492
 -0.018726797990218036
 -0.042817638117536673
 -0.06672450366071353
 -0.090424225382293721
 -0.11389397664709965
 -0.13711129539916422
 -0.16005410564428058
 -0.18270073841764389
 -0.20502995221668338
 -0.22702095287986584
 -0.24865341289289872
 -0.26990749010447906
 -0.29076384583442777
 -0.31120366235778452
 -0.33120865974916902
 -0.35076111207248056
 -0.36984386290176352
 -0.38844034015985462
 -0.40653457026220952
 -0.42411119155411964
 -0.44115546703032971
 -0.45765329632689117
 -0.47359122697591072
 -0.48895646491469613
 -0.50373688424162411
 -0.51792103621191798
 -0.53149815746735762
 -0.54445817749480674
 -0.55679172530928345
 -0.56849013535817028
 -0.57954545264400048
 -0.58995043706412498
 -0.59969856696640511
 -0.60878404192093449
 -0.61720178470864206
 -0.62494744252845913
 -0.63201738742558977
 -0.63840871594423021
 -0.6441192480089355
 -0.64914752503962314
 -0.6534928073060251
 -0.65715507052819511
 -0.66013500173046291
 -0.66243399435700412
 -0.66405414265796281
 -0.6649982353558096
 -0.66526974860235977
 -0.66487283823759602
 -0.66381233136215489
 -0.6620937172360214
 -0.65972313751665412
 -0.65670737585042893
 -0.65305384683191892
 -0.64877058434615886
 -0.64386622930964377
 -0.63835001682639547
 -0.63223176277598947
 -0.62552184985098591
 -0.61823121306172391
 -0.61037132472693534
 -0.60195417896911985
 -0.59299227573407176
 -0.58349860435437761
 -0.57348662667712147
 -0.56297025977640558
 -0.55196385827166961
 -0.54048219627310667
 -0.52854044897580721
 -0.51615417392452889
 -0.50333929197125937
 -0.4901120679479733
 -0.47648909107719323
 -0.46248725514314015
 -0.44812373844643233
 -0.43341598356540773
 -0.4183816769472522
 -0.40303872835221222
 -0.3874052501741912
 -0.37149953666109803
 -0.35534004305827316
 -0.33894536469833486
 -0.32233421606070101
 -0.30552540982400073
 -0.28853783593445675
 -0.27139044071322199
 -0.25410220602547579
 -0.23669212853393926
 -0.21917919905923894
 -0.20158238206934137
 -0.18392059532003807
 -0.1662126896681633
 -0.14847742907897274
 -0.13073347084874695
 -0.11299934606339031
 -0.09529344031339701
 -0.077633974685206317
 -0.060038987048535358
 -0.04252631365888724
 -0.025113571093954717
 -0.0078181385422197471
 0.00934285953847863
 0.026352570375088702
 0.043194429429426306
 0.059852176527942218
 0.076309871555459111
 0.09255190969775362
 0.10856303621839625
 0.12432836075590104
 0.13983337112779393
 0.15506394662886619
 0.17000637081147493
 0.18464734373642588
 0.19897399368358057
 0.21297388831204841
 0.22663504526042444
 0.23994594217826662
 0.25289552618066236
 0.26547322271841994
 0.27766894385713858
 0.28947309595907744
 0.30087658676248746
 0.3118708318537356
 0.32244776052829577
 0.33259982103736419
 0.34231998521758894
 0.35160175250209647
 0.36043915331172877
 0.36882675182608671
 0.37675964813471263
 0.38423347976941946
 0.39124442261948966
 0.39778919123215883
 0.40386503850147415
 0.4094697547493269
 0.4146016662030953
 0.4192596328750407
 0.42344304584922438
 0.42715182398238671
 0.43038641002584965
 0.43314776617614908
 0.43543736906270308
 0.43725720418144459
 0.43860975978392325
 0.43949802023197027
 0.43992545882858286
 0.43989603013622897
 0.4394141617943203
 0.43848474584810726
 0.43711312960176485
 0.43530510600891686
 0.43306690361432099
 0.43040517606088385
 0.42732699117661405
 0.423839819656532
 0.419951523354954
 0.41567034320394392
 0.41100488677408192
 0.4059641154940396
 0.40055733154576206
 0.39479416445235999
 0.38868455737608482
 0.3822387531440139
 0.37546728001930862
 0.36838093723611559
 0.36099078031637105
 0.3533081061869352
 0.34534443811563098
 0.33711151048487736
 0.32862125342171905
 0.31988577730312073
 0.31091735715546265
 0.30172841696719077
 0.29233151393361212
 0.28273932265278912
 0.27296461929146737
 0.2630202657399221
 0.25291919377451683
 0.24267438924668791
 0.23229887631692522
 0.22180570175221598
 0.21120791930520846
 0.20051857419321656
 0.18975068769495174
 0.17891724188266242
 0.16803116450710209
 0.15710531405251216
 0.14615246497849213
 0.13518529316534628
 0.12421636157918314
 0.11325810617269082
 0.10232282203717259
 0.091422649821036928
 0.080569562429583547
 0.069775352020472456
 0.059051617308895465
 0.048409751195999336
 0.037860928733681271
 0.02741609543839936
 0.017085955966185035
 0.0068809631605369079
 -0.0031886925156132868
 -0.013113093153187066
 -0.022882603165345013
 -0.032487878641347022
 -0.041919876276820173
 -0.051169861871883153
 -0.060229418389185697
 -0.069090453564437215
 -0.077745207062607721
 -0.086186257173543349
 -0.09440652704133895
 -0.10239929042238051
 -0.11015817696758202
 -0.11767717702492669
 -0.12495064595902459
 -0.13197330798500095
 -0.13874025951462676
 -0.14524697201321568
 -0.15148929436639777
 -0.1574634547564972
 -0.16316606204883063
 -0.16859410668884328
 -0.17374496111159154
 -0.17861637966567687
 -0.18320649805430922
 -0.18751383229677135
 -0.19153727721411989
 -0.19527610444353705
 -0.19872995998629039
 -0.20189886129483126
 -0.20478319390509422
 -0.20738370762059366
 -0.20970151225544764
 -0.21173807294396768
 -0.21349520502495917
 -0.21497506850936904
 -0.21618016214040187
 -0.21711331705568593
 -0.21777769006153397
 -0.21817675652977855
 -0.21831430292809545
 -0.21819441899513131
 -0.21782148957216249
 -0.21720018610338232
 -0.21633545781728719
 -0.21523252260197973
 -0.21389685758754121
 -0.21233418944893981
 -0.21055048444324301
 -0.20855193819518161
 -0.20634496524537713
 -0.20393618837578764
 -0.20133242772715659
 -0.19854068972345346
 -0.19556815581848572
 -0.19242217108003226
 -0.1891102326269947
 -0.18563997793519946
 -0.1820191730275893
 -0.1782557005646398
 -0.17435754785090327
 -0.1703327947736388
 -0.16618960168951891
 -0.1619361972754117
 -0.15758086635923854
 -0.1531319377468702
