indici =

 Columns 1 through 13:

     1     2     3     4     5     6     7     8     9    10    11    12    13

 Columns 14 through 26:

    14    15    16    17    18    19    20    21    22    23    24    25    26

 Columns 27 through 39:

    27    28    29    30    31    32    33    34    35    36    37    38    39

 Columns 40 through 52:

    40    41    42    43    44    45    46    47    48    49    50    51    52

 Columns 53 through 65:

    53    54    55    56    57    58    59    60    61    62    63    64    65

 Columns 66 through 78:

    66    67    68    69    70    71    72    73    74    75    76    77    78

 Columns 79 through 91:

    79    80    81    82    83    84    85    86    87    88    89    90    91

 Columns 92 through 104:

    92    93    94    95    96    97    98    99   100   101   102   103   104

 Columns 105 through 117:

   105   106   107   108   109   110   111   112   113   114   115   116   117

 Columns 118 through 130:

   118   119   120   121   122   123   124   125   126   127   128   129   130

 Columns 131 through 143:

   131   132   133   134   135   136   137   138   139   140   141   142   143

 Columns 144 through 156:

   144   145   146   147   148   149   150   151   152   153   154   155   156

 Columns 157 through 169:

   157   158   159   160   161   162   163   164   165   166   167   168   169

 Columns 170 through 182:

   170   171   172   173   174   175   176   177   178   179   180   181   182

 Columns 183 through 195:

   183   184   185   186   187   188   189   190   191   192   193   194   195

 Columns 196 through 208:

   196   197   198   199   200   201   202   203   204   205   206   207   208

 Columns 209 through 221:

   209   210   211   212   213   214   215   216   217   218   219   220   221

 Columns 222 through 234:

   222   223   224   225   226   227   228   229   230   231   232   233   234

 Columns 235 through 247:

   235   236   237   238   239   240   241   242   243   244   245   246   247

 Columns 248 through 260:

   248   249   250   251   252   253   254   255   256   257   258   259   260

 Columns 261 through 273:

   261   262   263   264   265   266   267   268   269   270   271   272   273

 Columns 274 through 286:

   274   275   276   277   278   279   280   281   282   283   284   285   286

 Columns 287 through 299:

   287   288   289   290   291   292   293   294   295   296   297   298   299

 Columns 300 through 312:

   300   301   302   303   304   305   306   307   308   309   310   311   312

 Columns 313 through 325:

   313   314   315   316   317   318   319   320   321   322   323   324   325

 Columns 326 through 338:

   326   327   328   329   330   331   332   333   334   335   336   337   338

 Columns 339 through 351:

   339   340   341   342   343   344   345   346   347   348   349   350   351

 Columns 352 through 364:

   352   353   354   355   356   357   358   359   360   361   362   363   364

 Columns 365 through 377:

   365   366   367   368   369   370   371   372   373   374   375   376   377

 Columns 378 through 390:

   378   379   380   381   382   383   384   385   386   387   388   389   390

 Columns 391 through 403:

   391   392   393   394   395   396   397   398   399   400   401   402   403

 Columns 404 through 416:

   404   405   406   407   408   409   410   411   412   413   414   415   416

 Columns 417 through 429:

   417   418   419   420   421   422   423   424   425   426   427   428   429

 Columns 430 through 442:

   430   431   432   433   434   435   436   437   438   439   440   441   442

 Columns 443 through 455:

   443   444   445   446   447   448   449   450   451   452   453   454   455

 Columns 456 through 468:

   456   457   458   459   460   461   462   463   464   465   466   467   468

 Columns 469 through 481:

   469   470   471   472   473   474   475   476   477   478   479   480   481

 Columns 482 through 494:

   482   483   484   485   486   487   488   489   490   491   492   493   494

 Columns 495 through 500:

   495   496   497   498   499   500

