# Created by Octave 6.4.0, Thu May 23 23:55:30 2024 EEST <root@DESKTOP-HMRMGDB>
# name: _osc
# type: matrix
# rows: 4410
# columns: 1
 0
 0.00019172682079327842
 0.00074182547544057124
 0.0015775114526156153
 0.0025854656477863826
 0.0036230833448097528
 0.0045328173070325979
 0.0051583487417027705
 0.0053611447097384737
 0.0050359047420089498
 0.0041234686410472317
 0.0026199473909749279
 0.00058113578213798847
 -0.0018783538723490855
 -0.0045913623187043172
 -0.007349528291471525
 -0.0099189388311045276
 -0.012058929081516194
 -0.013542572965295215
 -0.014177213820766858
 -0.013823320075824831
 -0.01241002353123857
 -0.0099459045130814491
 -0.0065239161845998461
 -0.0023197671053878754
 0.0024164240681123612
 0.0073748617738954867
 0.012206337356963574
 0.01654669804165142
 0.020043814109945997
 0.022385074453842406
 0.023323320106897312
 0.022699160624030493
 0.020457811339153097
 0.016658930794002141
 0.011478405796760807
 0.0052015953388128413
 -0.0017918353282587718
 -0.0090507273506406586
 -0.01608152770008418
 -0.022381798853373103
 -0.027475866637409661
 -0.030950092450216616
 -0.03248519070040029
 -0.031883133434325833
 -0.029086488537596808
 -0.024188508940106084
 -0.017432898672853487
 -0.0092028873980774095
 -1.8142915542923749e-17
 0.0095863410396639318
 0.018916549623734541
 0.027343531845337336
 0.034257419833169586
 0.039129300123945311
 0.041550825314465481
 0.041266789933622164
 0.038198156056886624
 0.032453608337391027
 0.024328464982178666
 0.014290622132590478
 0.0029541068925348587
 -0.0089583030835109594
 -0.020661130434169409
 -0.031357987376945104
 -0.040295689001362184
 -0.046817018787062875
 -0.050408466037487734
 -0.050739502095376143
 -0.047690454261595655
 -0.041366745104128591
 -0.032098146383126552
 -0.020422694143095152
 -0.0070559582788880986
 0.0071526152416125114
 0.021273639732390708
 0.034358579227008641
 0.045503419614541393
 0.053910948295716792
 0.058947362728451684
 0.060189213179089839
 0.057457250329577193
 0.050834561509410806
 0.040667389879475761
 0.02754817391222596
 0.012281544549974906
 -0.0041648064386556076
 -0.020721402092256213
 -0.036286524041215552
 -0.049799502448755216
 -0.060312877984557839
 -0.067058533642136056
 -0.069503198707833169
 -0.067389350213461471
 -0.060758442722980151
 -0.049954529332827902
 -0.035607622821147579
 -0.018597501616948009
 -7.2571662171694997e-17
 0.018980955258534424
 0.037091273772028602
 0.053109552238059028
 0.0659293740185527
 0.074635516903080928
 0.078568833321898374
 0.07737523112554151
 0.071035167404034719
 0.05987131193277323
 0.044533461323310382
 0.025961296874206213
 0.0053270780029317528
 -0.016038252294672661
 -0.036730898549634461
 -0.055366446462418673
 -0.070672439171619805
 -0.081575108492609544
 -0.087274359109680247
 -0.087301790369985366
 -0.081557588447366505
 -0.070323466677018429
 -0.054250388253171418
 -0.034321472101590804
 -0.011792149452388701
 0.011888806415112642
 0.035172417690885922
 0.056510821097053646
 0.074460141187431342
 0.087778082481487579
 0.095509651003060886
 0.097055106251282344
 0.092215340035123786
 0.081211311679668302
 0.064675848964949434
 0.043617942027691155
 0.019361493761136959
 -0.0065377775490527189
 -0.032392076833871387
 -0.056491520382346595
 -0.07721720604413726
 -0.093149889331705968
 -0.10316697483405539
 -0.10652120671526605
 -0.10289556699259708
 -0.092430396908363452
 -0.075720549725549424
 -0.053782346969441362
 -0.0279921158358187
 -1.6328623988631375e-16
 0.028375569477404938
 0.055265997920322912
 0.078875572630780405
 0.097601328203935633
 0.11014173368221651
 0.11558684132933125
 0.113483672317461
 0.10387217875118306
 0.087289015528155406
 0.064738457664441987
 0.037631971615821512
 0.007700049113328257
 -0.02311820150583483
 -0.052800666665099492
 -0.079374905547892213
 -0.10104918934187765
 -0.11633319819815605
 -0.12414025218187273
 -0.12386407864459466
 -0.11542472263313737
 -0.099280188249908669
 -0.076402630123216825
 -0.04822025006008631
 -0.016528340625889142
 0.016624997588613199
 0.049071195649380679
 0.078663062967098643
 0.10341686276032125
 0.12164521666725835
 0.13207193927767011
 0.13392099932347487
 0.1269734297406708
 0.11158806184992597
 0.088684308050423141
 0.059687710143155485
 0.026441442972299049
 -0.008910748659449564
 -0.044062751575486753
 -0.076696516723477812
 -0.1046349096395193
 -0.12598690067885362
 -0.13927541602597474
 -0.14353921472269895
 -0.13840178377173243
 -0.12410235109374676
 -0.10148657011827115
 -0.071957071117735402
 -0.037386730054689434
 -2.9028664868677999e-16
 0.037770183696276452
 0.073440722068616029
 0.10464159302350272
 0.12927328238931923
 0.14564795046135176
 0.15260484933676413
 0.1495921135093804
 0.1367091900983313
 0.1147067191235376
 0.084943454005572711
 0.049302646357438161
 0.010073020223725093
 -0.030198150716996667
 -0.068870434780565495
 -0.10338336463336571
 -0.1314259395121353
 -0.15109128790370263
 -0.16100614525406523
 -0.16042636691920392
 -0.14929185681890872
 -0.12823690982279876
 -0.098554871993262003
 -0.062119028018580769
 -0.02126453179938962
 0.021361188762113386
 0.062969973607875707
 0.10081530483714357
 0.13237358433321114
 0.15551235085302959
 0.16863422755227933
 0.17078689239566738
 0.16173151944621716
 0.14196481202018432
 0.11269276713589689
 0.075757478258621627
 0.033521392183461174
 -0.011283719769845121
 -0.05573342631710327
 -0.09690151306460898
 -0.13205261323490131
 -0.15882391202600218
 -0.1753838572178944
 -0.18055722273013183
 -0.173908000550868
 -0.15577430527913008
 -0.12725259051099383
 -0.090131795266029477
 -0.046781344273561461
 -4.5357288857309386e-16
 0.04716479791514587
 0.091615446216910978
 0.13040761341622345
 0.16094523657470239
 0.18115416724048763
 0.18962285734419707
 0.18570055470129987
 0.16954620144547891
 0.14212442271891981
 0.10514845034670414
 0.060973321099054054
 0.012445991334121966
 -0.037278099928159829
 -0.084940202896029451
 -0.12739182371884028
 -0.16180268968239211
 -0.18584937760924969
 -0.19787203832625772
 -0.19698865519381323
 -0.18315899100467972
 -0.15719363139568887
 -0.12070711386330606
 -0.076017805977077427
 -0.026000722972888704
 0.026097379935614982
 0.076868751566372046
 0.12296754670718732
 0.16133030590610106
 0.18937948503879926
 0.20519651582688858
 0.20765278546785992
 0.19648960915176439
 0.17234156219044131
 0.13670122622136949
 0.091827246374086915
 0.040601341394621848
 -0.013656690880241632
 -0.067404101058718816
 -0.11710650940574013
 -0.15947031683028326
 -0.19166092337314955
 -0.21149229840981346
 -0.21757523073756471
 -0.20941421733000401
 -0.18744625946451263
 -0.1530186109037158
 -0.10830651941432358
 -0.056175958492432523
 -6.5314495954525501e-16
 0.056559412134017821
 0.10979017036520357
 0.15617363380894608
 0.19261719076008638
 0.21666038401962318
 0.22664086535162983
 0.22180899589321929
 0.20238321279262858
 0.16954212631430207
 0.12535344668783563
 0.072643995840669967
 0.014818962444518875
 -0.044358049139321863
 -0.10100997101149438
 -0.15140028280431392
 -0.1921794398526496
 -0.22060746731479638
 -0.23473793139845023
 -0.23355094346842248
 -0.21702612519045072
 -0.18615035296857901
 -0.14285935573335112
 -0.089916583935573044
 -0.030736914146388988
 0.030833571109111956
 0.090767529524867246
 0.14511978857723201
 0.1902870274789909
 0.22324661922457129
 0.24175880410149778
 0.24451867854005244
 0.23124769885730997
 0.20271831236069904
 0.16070968530684576
 0.10789701448955223
 0.047681290605787269
 -0.016029661990638107
 -0.079074775800334327
 -0.13731150574687123
 -0.18688802042566524
 -0.22449793472029914
 -0.24760073960173276
 -0.25459323874499756
 -0.24492043410913969
 -0.21911821364989589
 -0.17878463129643779
 -0.12648124356261772
 -0.065570572711303607
 -8.8900286160326367e-16
 0.065954026352888453
 0.12796489451350052
 0.18193965420166511
 0.2242891449454677
 0.25216660079875874
 0.26365887335906285
 0.2579174370851387
 0.23522022413977697
 0.19695982990968433
 0.14555844302896717
 0.084314670582285922
