# Created by Octave 6.4.0, Wed May 08 19:45:54 2024 EEST <root@DESKTOP-HMRMGDB>
# name: _osc
# type: scalar
0


